{"metadata":{"kernelspec":{"language":"python","display_name":"Python 3","name":"python3"},"language_info":{"name":"python","version":"3.11.11","mimetype":"text/x-python","codemirror_mode":{"name":"ipython","version":3},"pygments_lexer":"ipython3","nbconvert_exporter":"python","file_extension":".py"},"kaggle":{"accelerator":"gpu","dataSources":[],"dockerImageVersionId":31041,"isInternetEnabled":true,"language":"python","sourceType":"notebook","isGpuEnabled":true}},"nbformat_minor":4,"nbformat":4,"cells":[{"cell_type":"code","source":"import triton \nimport torch\nimport triton.language as tl","metadata":{"trusted":true,"execution":{"iopub.status.busy":"2025-06-14T11:47:56.898079Z","iopub.execute_input":"2025-06-14T11:47:56.898303Z","iopub.status.idle":"2025-06-14T11:48:01.326929Z","shell.execute_reply.started":"2025-06-14T11:47:56.898273Z","shell.execute_reply":"2025-06-14T11:48:01.326135Z"}},"outputs":[],"execution_count":1},{"cell_type":"code","source":"@triton.jit \ndef transposefxn(inptr,outputr,m,n,blocksizem:tl.constexpr,blocksizen:tl.constexpr):\n    id1=tl.program_id(0)\n    id2=tl.program_id(1)\n\n    mstart=id1*blocksizem\n    nstart=id2*blocksizen\n\n    m_range=mstart+tl.arange(0,blocksizem)\n    n_range=nstart+tl.arange(0,blocksizen)\n\n    m_idx=m_range[:,None]\n    n_idx=n_range[None,:]\n\n    m_mask = m_idx < m\n    n_mask = n_idx < n\n    mask = m_mask & n_mask\n\n    inindx = inptr + m_idx * n + n_idx\n    outindx = outputr + n_idx * m + m_idx\n\n    val=tl.load(inindx,mask=mask)\n    tl.store(outindx,val,mask=mask)\n    \n    ","metadata":{"trusted":true,"execution":{"iopub.status.busy":"2025-06-14T11:51:19.517241Z","iopub.execute_input":"2025-06-14T11:51:19.517972Z","iopub.status.idle":"2025-06-14T11:51:19.528469Z","shell.execute_reply.started":"2025-06-14T11:51:19.517947Z","shell.execute_reply":"2025-06-14T11:51:19.527852Z"}},"outputs":[],"execution_count":23},{"cell_type":"code","source":"def test():\n    M, N = 5, 5\n    a = torch.randn((M, N), device='cuda', dtype=torch.float16)\n    b=torch.zeros_like(a)\n    mblocksize=64\n    nblocksize=64\n\n    noofblock_m=triton.cdiv(M,mblocksize)\n    noofblock_n=triton.cdiv(N,nblocksize)\n\n    transposefxn[(noofblock_m,noofblock_n)](a,b,M,N,mblocksize,nblocksize)\n    print(a)\n    print(b)\n    \n    ","metadata":{"trusted":true,"execution":{"iopub.status.busy":"2025-06-14T11:51:32.877472Z","iopub.execute_input":"2025-06-14T11:51:32.878038Z","iopub.status.idle":"2025-06-14T11:51:32.882218Z","shell.execute_reply.started":"2025-06-14T11:51:32.878015Z","shell.execute_reply":"2025-06-14T11:51:32.881587Z"}},"outputs":[],"execution_count":26},{"cell_type":"code","source":"if __name__=='__main__':\n    test()","metadata":{"trusted":true,"execution":{"iopub.status.busy":"2025-06-14T11:51:35.072974Z","iopub.execute_input":"2025-06-14T11:51:35.073480Z","iopub.status.idle":"2025-06-14T11:51:35.080400Z","shell.execute_reply.started":"2025-06-14T11:51:35.073459Z","shell.execute_reply":"2025-06-14T11:51:35.079792Z"}},"outputs":[{"name":"stdout","text":"tensor([[-0.1385,  0.5586, -0.4517,  0.9023,  0.0376],\n        [ 0.6562, -1.2832, -0.1671,  1.3994, -0.0087],\n        [-0.2954,  2.5918,  0.0861, -0.0414, -0.2920],\n        [-0.2947, -0.3892, -1.1631, -0.9902, -0.1144],\n        [-0.7700, -1.1514,  0.9722,  0.8081,  1.6787]], device='cuda:0',\n       dtype=torch.float16)\ntensor([[-0.1385,  0.6562, -0.2954, -0.2947, -0.7700],\n        [ 0.5586, -1.2832,  2.5918, -0.3892, -1.1514],\n        [-0.4517, -0.1671,  0.0861, -1.1631,  0.9722],\n        [ 0.9023,  1.3994, -0.0414, -0.9902,  0.8081],\n        [ 0.0376, -0.0087, -0.2920, -0.1144,  1.6787]], device='cuda:0',\n       dtype=torch.float16)\n","output_type":"stream"}],"execution_count":27}]}